structure(list(n = c(4, 4, 5, 5, 5, 5, 5, 6, 6, 9, 12, 12, 13, 
14, 14, 15, 15, 15, 16, 16, 21, 21, 21, 24, 25, 25, 25, 26, 30, 
30, 30, 30, 31, 31, 32, 32, 33, 36, 43, 51, 51, 51, 51, 51, 51, 
59, 66, 66, 68, 68, 74, 76, 74, 80, 94, 94, 125, 125, 4, 4, 4, 
4, 4, 4, 4, 4, 4, 4, 4, 4, 5, 7, 7, 7, 7, 7, 7, 7, 7, 7, 7, 7, 
7, 7, 7, 7, 7, 7, 8, 8, 11, 16, 36, 36, 36, 36, 36, 36, 59, 59
), L = c(4, 6, 9, 10, 9, 8, 7, 9, 12, 24, 32, 34, 39, 43, 43, 
39, 43, 38, 58, 57, 82, 61, 55, 120, 104, 99, 98, 132, 82, 102, 
77, 86, 332, 340, 375, 158, 378, 122, 348, 197, 218, 181, 201, 
127, 203, 276, 793, 793, 545, 554, 1220, 1255, 1156, 1353, 1340, 
1339, 1938, 1969, 4, 5, 5, 5, 5, 5, 5, 5, 5, 6, 5, 5, 6, 22, 
22, 22, 22, 21, 22, 22, 22, 22, 22, 22, 22, 22, 22, 22, 22, 22, 
23, 23, 26, 39, 153, 153, 109, 136, 150, 135, 328, 328), C = c(0.25, 
0.375, 0.36, 0.4, 0.36, 0.32, 0.28, 0.25, 0.333333333333333, 
0.296296296296296, 0.222222222222222, 0.236111111111111, 0.230769230769231, 
0.219387755102041, 0.219387755102041, 0.173333333333333, 0.191111111111111, 
0.168888888888889, 0.2265625, 0.22265625, 0.1859410430839, 0.138321995464853, 
0.124716553287982, 0.208333333333333, 0.1664, 0.1584, 0.1568, 
0.195266272189349, 0.0911111111111111, 0.113333333333333, 0.0855555555555556, 
0.0955555555555556, 0.345473465140479, 0.353798126951093, 0.3662109375, 
0.154296875, 0.347107438016529, 0.0941358024691358, 0.188209843158464, 
0.0757400999615532, 0.0838139177239523, 0.0695886197616301, 0.077277970011534, 
0.0488273740868897, 0.0780469050365244, 0.0792875610456765, 0.182047750229568, 
0.182047750229568, 0.117863321799308, 0.119809688581315, 0.222790357925493, 
0.217278393351801, 0.211102994886779, 0.21140625, 0.151652331371661, 
0.151539157990041, 0.124032, 0.126016, 0.25, 0.3125, 0.3125, 
0.3125, 0.3125, 0.3125, 0.3125, 0.3125, 0.3125, 0.375, 0.3125, 
0.3125, 0.24, 0.448979591836735, 0.448979591836735, 0.448979591836735, 
0.448979591836735, 0.428571428571429, 0.448979591836735, 0.448979591836735, 
0.448979591836735, 0.448979591836735, 0.448979591836735, 0.448979591836735, 
0.448979591836735, 0.448979591836735, 0.448979591836735, 0.448979591836735, 
0.448979591836735, 0.448979591836735, 0.359375, 0.359375, 0.214876033057851, 
0.15234375, 0.118055555555556, 0.118055555555556, 0.0841049382716049, 
0.104938271604938, 0.115740740740741, 0.104166666666667, 0.094225797184717, 
0.094225797184717), LD = c(1, 1.5, 1.8, 2, 1.8, 1.6, 1.4, 1.5, 
2, 2.66666666666667, 2.66666666666667, 2.83333333333333, 3, 3.07142857142857, 
3.07142857142857, 2.6, 2.86666666666667, 2.53333333333333, 3.625, 
3.5625, 3.9047619047619, 2.9047619047619, 2.61904761904762, 5, 
4.16, 3.96, 3.92, 5.07692307692308, 2.73333333333333, 3.4, 2.56666666666667, 
2.86666666666667, 10.7096774193548, 10.9677419354839, 11.71875, 
4.9375, 11.4545454545455, 3.38888888888889, 8.09302325581395, 
3.86274509803922, 4.27450980392157, 3.54901960784314, 3.94117647058824, 
2.49019607843137, 3.98039215686275, 4.67796610169492, 12.0151515151515, 
12.0151515151515, 8.01470588235294, 8.14705882352941, 16.4864864864865, 
16.5131578947368, 15.6216216216216, 16.9125, 14.2553191489362, 
14.2446808510638, 15.504, 15.752, 1, 1.25, 1.25, 1.25, 1.25, 
1.25, 1.25, 1.25, 1.25, 1.5, 1.25, 1.25, 1.2, 3.14285714285714, 
3.14285714285714, 3.14285714285714, 3.14285714285714, 3, 3.14285714285714, 
3.14285714285714, 3.14285714285714, 3.14285714285714, 3.14285714285714, 
3.14285714285714, 3.14285714285714, 3.14285714285714, 3.14285714285714, 
3.14285714285714, 3.14285714285714, 3.14285714285714, 2.875, 
2.875, 2.36363636363636, 2.4375, 4.25, 4.25, 3.02777777777778, 
3.77777777777778, 4.16666666666667, 3.75, 5.55932203389831, 5.55932203389831
), ppr = c(1, 1.00497512437811, 1.32471795724475, 2, 1.32471795724475, 
1.83928675521416, NaN, NaN, 2.14789903570479, 2.52861754818871, 
2.6787124756875, 2.80755058711716, 3.23398580951606, 2.73205080756888, 
2.73205080756888, 2.73665766432727, 3.30277563773199, 2.68587159125019, 
1.61803398874989, 3.10105015620191, 4.69927096800605, 3.8718571540803, 
2.75727892140241, 3.72779835837607, 4.32776806940871, 4.05955367541447, 
4.15367937639471, 5.32665086716313, 3.83832997390114, 4.08889480657562, 
3.87100336409763, 3.65007019794723, 11.1011399957078, 11.3450198443876, 
11.5476284503336, 5.99012015838844, 11.4898683292972, 2.85510786536184, 
8.94570082611811, 3.67940841000569, 3.8306423371431, 3.73218800660893, 
3.6747277305756, 3.42239184595429, 3.71902416416948, 6.7202376589402, 
11.0583340460135, 11.0583340460135, 6.84582885930217, 7.05775425431765, 
10.9204486834651, 10.8677741722663, 8.52666098222359, 9.15709980367462, 
14.15954334826, 14.1683699841806, 10.9652210761291, 11.0118416033838, 
1, 1.22074408460574, 1.22074408460574, 1.22074408460574, 1.22074408460574, 
1.22074408460574, 1.22074408460574, 1.22074408460574, 1.22074408460574, 
1.39533699446796, 1.22074408460574, 1.22074408460574, 1.16730365241911, 
3.26790626026628, 3.26790626026628, 3.26790626026628, 3.26790626026628, 
3.02048177471563, 3.26790626026628, 3.26790626026628, 3.26790626026628, 
3.26790626026628, 3.26790626026628, 3.26790626026628, 3.26790626026628, 
3.26790626026628, 3.26790626026628, 3.26790626026628, 3.26790626026628, 
3.26790626026628, 2.9210428357587, 2.9210428357587, 2.74574861037366, 
2.77800846343279, 4.09640169082548, 4.00814503539362, 3.57433461934523, 
3.68923739157773, 3.98389345154684, 3.75413301619417, 7.20460074169223, 
7.23032303581423), lam1A = c(1, 1, 1.32471795724475, 2, 1.32471795724475, 
1.83928675521416, 0, 0, 2.14789903570478, 2.52861754818871, 2.67871247568749, 
2.80755058711716, 3.23398580951606, 2.73205080756888, 2.73205080756888, 
2.73665766432727, 3.302775637732, 2.68587159125019, 1.61803398874989, 
3.10105015620191, 4.69927096800605, 3.87185715408029, 2.75727892140241, 
3.72779835837608, 4.32776806940872, 4.05955367541448, 4.15367937639473, 
5.32665086716314, 3.83832997390115, 4.08889480657562, 3.87100336409763, 
3.65007019794723, 11.1011399957078, 11.3450198443876, 11.5476284503336, 
5.99012015838844, 11.4898683292972, 2.85307326139039, 8.94570082611812, 
3.6794084100057, 3.83064233714311, 3.73218800660893, 3.6747277305756, 
3.42239184595429, 3.71902416416947, 6.72023765894021, 11.0583340460136, 
11.0583340460136, 6.84582885930218, 7.05775425431766, 10.9204486834651, 
10.8677741722663, 8.52666098222361, 9.15709980367463, 14.15954334826, 
14.1683699841806, 10.965221076129, 11.0118416033838, 1, 1.22074408460576, 
1.22074408460576, 1.22074408460576, 1.22074408460576, 1.22074408460576, 
1.22074408460576, 1.22074408460576, 1.22074408460576, 1.39533699446707, 
1.22074408460576, 1.22074408460576, 1.16730397826142, 3.26790626026628, 
3.26790626026628, 3.26790626026628, 3.26790626026628, 3.02048177471563, 
3.26790626026628, 3.26790626026628, 3.26790626026628, 3.26790626026628, 
3.26790626026628, 3.26790626026628, 3.26790626026628, 3.26790626026628, 
3.26790626026628, 3.26790626026628, 3.26790626026628, 3.26790626026628, 
2.92104283575871, 2.92104283575871, 2.74574861037367, 2.77800846343279, 
4.09640169082549, 4.00814503539362, 3.57433461934523, 3.68923739157773, 
3.98389345154685, 3.75413301619418, 7.20460074169223, 7.23032303581423
), mlam1A = c(2, 3, 1, 1, 1, 1, 5, 6, 1, 1, 1, 1, 1, 1, 1, 1, 
1, 1, 1, 1, 1, 1, 1, 1, 1, 1, 1, 1, 1, 1, 1, 1, 1, 1, 1, 1, 1, 
1, 1, 1, 1, 1, 1, 1, 1, 1, 1, 1, 1, 1, 1, 1, 1, 1, 1, 1, 1, 1, 
3, 1, 1, 1, 1, 1, 1, 1, 1, 1, 1, 1, 1, 1, 1, 1, 1, 1, 1, 1, 1, 
1, 1, 1, 1, 1, 1, 1, 1, 1, 1, 1, 1, 1, 1, 1, 1, 1, 1, 1, 1, 1
),